HEADER    VIRUS                                   26-FEB-96   1VRH              
TITLE     HRV14/SDZ 880-061 COMPLEX                                             
COMPND    MOL_ID: 1;                                                            
COMPND   2 MOLECULE: RHINOVIRUS 14;                                             
COMPND   3 CHAIN: 1;                                                            
COMPND   4 SYNONYM: HRV14;                                                      
COMPND   5 ENGINEERED: YES;                                                     
COMPND   6 MUTATION: YES;                                                       
COMPND   7 MOL_ID: 2;                                                           
COMPND   8 MOLECULE: RHINOVIRUS 14;                                             
COMPND   9 CHAIN: 2;                                                            
COMPND  10 SYNONYM: HRV14;                                                      
COMPND  11 ENGINEERED: YES;                                                     
COMPND  12 MUTATION: YES;                                                       
COMPND  13 MOL_ID: 3;                                                           
COMPND  14 MOLECULE: RHINOVIRUS 14;                                             
COMPND  15 CHAIN: 3;                                                            
COMPND  16 SYNONYM: HRV14;                                                      
COMPND  17 ENGINEERED: YES;                                                     
COMPND  18 MUTATION: YES;                                                       
COMPND  19 MOL_ID: 4;                                                           
COMPND  20 MOLECULE: RHINOVIRUS 14;                                             
COMPND  21 CHAIN: 4;                                                            
COMPND  22 SYNONYM: HRV14;                                                      
COMPND  23 ENGINEERED: YES;                                                     
COMPND  24 MUTATION: YES                                                        
SOURCE    MOL_ID: 1;                                                            
SOURCE   2 ORGANISM_SCIENTIFIC: HUMAN RHINOVIRUS 14;                            
SOURCE   3 ORGANISM_TAXID: 12131;                                               
SOURCE   4 EXPRESSION_SYSTEM: HOMO SAPIENS;                                     
SOURCE   5 EXPRESSION_SYSTEM_COMMON: HUMAN;                                     
SOURCE   6 EXPRESSION_SYSTEM_TAXID: 9606;                                       
SOURCE   7 MOL_ID: 2;                                                           
SOURCE   8 ORGANISM_SCIENTIFIC: HUMAN RHINOVIRUS 14;                            
SOURCE   9 ORGANISM_TAXID: 12131;                                               
SOURCE  10 EXPRESSION_SYSTEM: HOMO SAPIENS;                                     
SOURCE  11 EXPRESSION_SYSTEM_COMMON: HUMAN;                                     
SOURCE  12 EXPRESSION_SYSTEM_TAXID: 9606;                                       
SOURCE  13 MOL_ID: 3;                                                           
SOURCE  14 ORGANISM_SCIENTIFIC: HUMAN RHINOVIRUS 14;                            
SOURCE  15 ORGANISM_TAXID: 12131;                                               
SOURCE  16 EXPRESSION_SYSTEM: HOMO SAPIENS;                                     
SOURCE  17 EXPRESSION_SYSTEM_COMMON: HUMAN;                                     
SOURCE  18 EXPRESSION_SYSTEM_TAXID: 9606;                                       
SOURCE  19 MOL_ID: 4;                                                           
SOURCE  20 ORGANISM_SCIENTIFIC: HUMAN RHINOVIRUS 14;                            
SOURCE  21 ORGANISM_TAXID: 12131;                                               
SOURCE  22 EXPRESSION_SYSTEM: HOMO SAPIENS;                                     
SOURCE  23 EXPRESSION_SYSTEM_COMMON: HUMAN;                                     
SOURCE  24 EXPRESSION_SYSTEM_TAXID: 9606                                        
KEYWDS    RHINOVIRUS COAT PROTEIN, ANTIVIRAL AGENTS, POLYPROTEIN, COAT PROTEIN, 
KEYWDS   2 CORE PROTEIN, RNA POLYMERASE, HYDROLASE, THIOL PROTEASE,             
KEYWDS   3 MYRISTYLATION, ICOSAHEDRAL VIRUS, VIRUS                              
EXPDTA    X-RAY DIFFRACTION                                                     
AUTHOR    D.A.OREN,A.ZHANG,E.ARNOLD                                             
REVDAT   5   15-MAR-23 1VRH    1       REMARK                                   
REVDAT   4   18-JAN-23 1VRH    1       JRNL   REMARK CRYST1 MTRIX               
REVDAT   4 2                   1       ATOM                                     
REVDAT   3   03-NOV-21 1VRH    1       REMARK SEQADV                            
REVDAT   2   24-FEB-09 1VRH    1       VERSN                                    
REVDAT   1   12-FEB-97 1VRH    0                                                
JRNL        AUTH   D.A.OREN,A.ZHANG,H.NESVADBA,B.ROSENWIRTH,E.ARNOLD            
JRNL        TITL   SYNTHESIS AND ACTIVITY OF PIPERAZINE-CONTAINING              
JRNL        TITL 2 ANTIRHINOVIRAL AGENTS AND CRYSTAL STRUCTURE OF SDZ 880-061   
JRNL        TITL 3 BOUND TO HUMAN RHINOVIRUS 14.                                
JRNL        REF    J.MOL.BIOL.                   V. 259   120 1996              
JRNL        REFN                   ISSN 0022-2836                               
JRNL        PMID   8648640                                                      
JRNL        DOI    10.1006/JMBI.1996.0307                                       
REMARK   1                                                                      
REMARK   1 REFERENCE 1                                                          
REMARK   1  AUTH   B.ROSENWIRTH,D.A.OREN,E.ARNOLD,Z.L.KIS,H.J.EGGERS            
REMARK   1  TITL   SDZ 35-682, A NEW PICORNAVIRUS CAPSID-BINDING AGENT WITH     
REMARK   1  TITL 2 POTENT ANTIVIRAL ACTIVITY                                    
REMARK   1  REF    ANTIVIRAL RES.                V.  26    65 1995              
REMARK   1  REFN                   ISSN 0166-3542                               
REMARK   1 REFERENCE 2                                                          
REMARK   1  AUTH   A.ZHANG,R.G.NANNI,T.LI,G.F.ARNOLD,D.A.OREN,A.JACOBO-MOLINA,  
REMARK   1  AUTH 2 R.L.WILLIAMS,G.KAMER,D.A.RUBENSTEIN,Y.LI                     
REMARK   1  TITL   STRUCTURE DETERMINATION OF ANTIVIRAL COMPOUND SCH 38057      
REMARK   1  TITL 2 COMPLEXED WITH HUMAN RHINOVIRUS 14                           
REMARK   1  REF    J.MOL.BIOL.                   V. 230   857 1993              
REMARK   1  REFN                   ISSN 0022-2836                               
REMARK   1 REFERENCE 3                                                          
REMARK   1  AUTH   A.ZHANG,R.G.NANNI,D.A.OREN,E.J.ROZHON,E.ARNOLD               
REMARK   1  TITL   THREE-DIMENSIONAL STRUCTURE-ACTIVITY RELATIONSHIPS FOR       
REMARK   1  TITL 2 ANTIVIRAL AGENTS THAT INTERACT WITH PICORNAVIRUS CAPSIDS     
REMARK   1  REF    SEMIN.VIROL.                  V.   3   453 1992              
REMARK   1  REFN                   ISSN 1044-5773                               
REMARK   1 REFERENCE 4                                                          
REMARK   1  AUTH   E.ARNOLD,M.G.ROSSMANN                                        
REMARK   1  TITL   ANALYSIS OF THE STRUCTURE OF A COMMON COLD VIRUS, HUMAN      
REMARK   1  TITL 2 RHINOVIRUS 14, REFINED AT A RESOLUTION OF 3.0 A              
REMARK   1  REF    J.MOL.BIOL.                   V. 211   763 1990              
REMARK   1  REFN                   ISSN 0022-2836                               
REMARK   1 REFERENCE 5                                                          
REMARK   1  AUTH   E.ARNOLD,M.G.ROSSMANN                                        
REMARK   1  TITL   THE USE OF MOLECULAR-REPLACEMENT PHASES FOR THE REFINEMENT   
REMARK   1  TITL 2 OF THE HUMAN RHINOVIRUS 14 STRUCTURE                         
REMARK   1  REF    ACTA CRYSTALLOGR.,SECT.A      V.  44   270 1988              
REMARK   1  REFN                   ISSN 0108-7673                               
REMARK   1 REFERENCE 6                                                          
REMARK   1  AUTH   M.G.ROSSMANN,E.ARNOLD,J.W.ERICKSON,E.A.FRANKENBERGER,        
REMARK   1  AUTH 2 J.P.GRIFFITH,H.J.HECHT,J.E.JOHNSON,G.KAMER,M.LUO,A.G.MOSSER  
REMARK   1  TITL   STRUCTURE OF A HUMAN COMMON COLD VIRUS AND FUNCTIONAL        
REMARK   1  TITL 2 RELATIONSHIP TO OTHER PICORNAVIRUSES                         
REMARK   1  REF    NATURE                        V. 317   145 1985              
REMARK   1  REFN                   ISSN 0028-0836                               
REMARK   2                                                                      
REMARK   2 RESOLUTION.    3.00 ANGSTROMS.                                       
REMARK   3                                                                      
REMARK   3 REFINEMENT.                                                          
REMARK   3   PROGRAM     : NULL                                                 
REMARK   3   AUTHORS     : NULL                                                 
REMARK   3                                                                      
REMARK   3  DATA USED IN REFINEMENT.                                            
REMARK   3   RESOLUTION RANGE HIGH (ANGSTROMS) : 3.00                           
REMARK   3   RESOLUTION RANGE LOW  (ANGSTROMS) : NULL                           
REMARK   3   DATA CUTOFF            (SIGMA(F)) : NULL                           
REMARK   3   DATA CUTOFF HIGH         (ABS(F)) : NULL                           
REMARK   3   DATA CUTOFF LOW          (ABS(F)) : NULL                           
REMARK   3   COMPLETENESS (WORKING+TEST)   (%) : NULL                           
REMARK   3   NUMBER OF REFLECTIONS             : NULL                           
REMARK   3                                                                      
REMARK   3  FIT TO DATA USED IN REFINEMENT.                                     
REMARK   3   CROSS-VALIDATION METHOD          : NULL                            
REMARK   3   FREE R VALUE TEST SET SELECTION  : NULL                            
REMARK   3   R VALUE            (WORKING SET) : NULL                            
REMARK   3   FREE R VALUE                     : NULL                            
REMARK   3   FREE R VALUE TEST SET SIZE   (%) : NULL                            
REMARK   3   FREE R VALUE TEST SET COUNT      : NULL                            
REMARK   3   ESTIMATED ERROR OF FREE R VALUE  : NULL                            
REMARK   3                                                                      
REMARK   3  FIT IN THE HIGHEST RESOLUTION BIN.                                  
REMARK   3   TOTAL NUMBER OF BINS USED           : NULL                         
REMARK   3   BIN RESOLUTION RANGE HIGH       (A) : NULL                         
REMARK   3   BIN RESOLUTION RANGE LOW        (A) : NULL                         
REMARK   3   BIN COMPLETENESS (WORKING+TEST) (%) : NULL                         
REMARK   3   REFLECTIONS IN BIN    (WORKING SET) : NULL                         
REMARK   3   BIN R VALUE           (WORKING SET) : NULL                         
REMARK   3   BIN FREE R VALUE                    : NULL                         
REMARK   3   BIN FREE R VALUE TEST SET SIZE  (%) : NULL                         
REMARK   3   BIN FREE R VALUE TEST SET COUNT     : NULL                         
REMARK   3   ESTIMATED ERROR OF BIN FREE R VALUE : NULL                         
REMARK   3                                                                      
REMARK   3  NUMBER OF NON-HYDROGEN ATOMS USED IN REFINEMENT.                    
REMARK   3   PROTEIN ATOMS            : 6268                                    
REMARK   3   NUCLEIC ACID ATOMS       : 0                                       
REMARK   3   HETEROGEN ATOMS          : 26                                      
REMARK   3   SOLVENT ATOMS            : 0                                       
REMARK   3                                                                      
REMARK   3  B VALUES.                                                           
REMARK   3   FROM WILSON PLOT           (A**2) : NULL                           
REMARK   3   MEAN B VALUE      (OVERALL, A**2) : NULL                           
REMARK   3   OVERALL ANISOTROPIC B VALUE.                                       
REMARK   3    B11 (A**2) : NULL                                                 
REMARK   3    B22 (A**2) : NULL                                                 
REMARK   3    B33 (A**2) : NULL                                                 
REMARK   3    B12 (A**2) : NULL                                                 
REMARK   3    B13 (A**2) : NULL                                                 
REMARK   3    B23 (A**2) : NULL                                                 
REMARK   3                                                                      
REMARK   3  ESTIMATED COORDINATE ERROR.                                         
REMARK   3   ESD FROM LUZZATI PLOT        (A) : NULL                            
REMARK   3   ESD FROM SIGMAA              (A) : NULL                            
REMARK   3   LOW RESOLUTION CUTOFF        (A) : NULL                            
REMARK   3                                                                      
REMARK   3  CROSS-VALIDATED ESTIMATED COORDINATE ERROR.                         
REMARK   3   ESD FROM C-V LUZZATI PLOT    (A) : NULL                            
REMARK   3   ESD FROM C-V SIGMAA          (A) : NULL                            
REMARK   3                                                                      
REMARK   3  RMS DEVIATIONS FROM IDEAL VALUES.                                   
REMARK   3   BOND LENGTHS                 (A) : NULL                            
REMARK   3   BOND ANGLES            (DEGREES) : NULL                            
REMARK   3   DIHEDRAL ANGLES        (DEGREES) : NULL                            
REMARK   3   IMPROPER ANGLES        (DEGREES) : NULL                            
REMARK   3                                                                      
REMARK   3  ISOTROPIC THERMAL MODEL : NULL                                      
REMARK   3                                                                      
REMARK   3  ISOTROPIC THERMAL FACTOR RESTRAINTS.    RMS    SIGMA                
REMARK   3   MAIN-CHAIN BOND              (A**2) : NULL  ; NULL                 
REMARK   3   MAIN-CHAIN ANGLE             (A**2) : NULL  ; NULL                 
REMARK   3   SIDE-CHAIN BOND              (A**2) : NULL  ; NULL                 
REMARK   3   SIDE-CHAIN ANGLE             (A**2) : NULL  ; NULL                 
REMARK   3                                                                      
REMARK   3  NCS MODEL : NULL                                                    
REMARK   3                                                                      
REMARK   3  NCS RESTRAINTS.                         RMS   SIGMA/WEIGHT          
REMARK   3   GROUP  1  POSITIONAL            (A) : NULL  ; NULL                 
REMARK   3   GROUP  1  B-FACTOR           (A**2) : NULL  ; NULL                 
REMARK   3                                                                      
REMARK   3  PARAMETER FILE  1  : NULL                                           
REMARK   3  TOPOLOGY FILE  1   : NULL                                           
REMARK   3                                                                      
REMARK   3  OTHER REFINEMENT REMARKS: NULL                                      
REMARK   4                                                                      
REMARK   4 1VRH COMPLIES WITH FORMAT V. 3.30, 13-JUL-11                         
REMARK 100                                                                      
REMARK 100 THIS ENTRY HAS BEEN PROCESSED BY BNL.                                
REMARK 100 THE DEPOSITION ID IS D_1000177104.                                   
REMARK 200                                                                      
REMARK 200 EXPERIMENTAL DETAILS                                                 
REMARK 200  EXPERIMENT TYPE                : X-RAY DIFFRACTION                  
REMARK 200  DATE OF DATA COLLECTION        : JUN-90                             
REMARK 200  TEMPERATURE           (KELVIN) : NULL                               
REMARK 200  PH                             : NULL                               
REMARK 200  NUMBER OF CRYSTALS USED        : NULL                               
REMARK 200                                                                      
REMARK 200  SYNCHROTRON              (Y/N) : Y                                  
REMARK 200  RADIATION SOURCE               : CHESS                              
REMARK 200  BEAMLINE                       : A1                                 
REMARK 200  X-RAY GENERATOR MODEL          : NULL                               
REMARK 200  MONOCHROMATIC OR LAUE    (M/L) : M                                  
REMARK 200  WAVELENGTH OR RANGE        (A) : 1.54                               
REMARK 200  MONOCHROMATOR                  : NULL                               
REMARK 200  OPTICS                         : NULL                               
REMARK 200                                                                      
REMARK 200  DETECTOR TYPE                  : FILM                               
REMARK 200  DETECTOR MANUFACTURER          : NULL                               
REMARK 200  INTENSITY-INTEGRATION SOFTWARE : PURDUE DATA PROCESSING PACKAGE     
REMARK 200  DATA SCALING SOFTWARE          : NULL                               
REMARK 200                                                                      
REMARK 200  NUMBER OF UNIQUE REFLECTIONS   : NULL                               
REMARK 200  RESOLUTION RANGE HIGH      (A) : NULL                               
REMARK 200  RESOLUTION RANGE LOW       (A) : NULL                               
REMARK 200  REJECTION CRITERIA  (SIGMA(I)) : NULL                               
REMARK 200                                                                      
REMARK 200 OVERALL.                                                             
REMARK 200  COMPLETENESS FOR RANGE     (%) : NULL                               
REMARK 200  DATA REDUNDANCY                : NULL                               
REMARK 200  R MERGE                    (I) : 0.11900                            
REMARK 200  R SYM                      (I) : NULL                               
REMARK 200  <I/SIGMA(I)> FOR THE DATA SET  : NULL                               
REMARK 200                                                                      
REMARK 200 IN THE HIGHEST RESOLUTION SHELL.                                     
REMARK 200  HIGHEST RESOLUTION SHELL, RANGE HIGH (A) : NULL                     
REMARK 200  HIGHEST RESOLUTION SHELL, RANGE LOW  (A) : NULL                     
REMARK 200  COMPLETENESS FOR SHELL     (%) : NULL                               
REMARK 200  DATA REDUNDANCY IN SHELL       : NULL                               
REMARK 200  R MERGE FOR SHELL          (I) : NULL                               
REMARK 200  R SYM FOR SHELL            (I) : NULL                               
REMARK 200  <I/SIGMA(I)> FOR SHELL         : NULL                               
REMARK 200                                                                      
REMARK 200 DIFFRACTION PROTOCOL: NULL                                           
REMARK 200 METHOD USED TO DETERMINE THE STRUCTURE: NULL                         
REMARK 200 SOFTWARE USED: NULL                                                  
REMARK 200 STARTING MODEL: NULL                                                 
REMARK 200                                                                      
REMARK 200 REMARK: NULL                                                         
REMARK 280                                                                      
REMARK 280 CRYSTAL                                                              
REMARK 280 SOLVENT CONTENT, VS   (%): NULL                                      
REMARK 280 MATTHEWS COEFFICIENT, VM (ANGSTROMS**3/DA): NULL                     
REMARK 280                                                                      
REMARK 280 CRYSTALLIZATION CONDITIONS: 5 MG/ML OF SDZ 880-061 IN 200            
REMARK 280  MICROLITER DROPS FOR 3 - 4 CRYSTALS                                 
REMARK 290                                                                      
REMARK 290 CRYSTALLOGRAPHIC SYMMETRY                                            
REMARK 290 SYMMETRY OPERATORS FOR SPACE GROUP: P 21 3                           
REMARK 290                                                                      
REMARK 290      SYMOP   SYMMETRY                                                
REMARK 290     NNNMMM   OPERATOR                                                
REMARK 290       1555   X,Y,Z                                                   
REMARK 290       2555   -X+1/2,-Y,Z+1/2                                         
REMARK 290       3555   -X,Y+1/2,-Z+1/2                                         
REMARK 290       4555   X+1/2,-Y+1/2,-Z                                         
REMARK 290       5555   Z,X,Y                                                   
REMARK 290       6555   Z+1/2,-X+1/2,-Y                                         
REMARK 290       7555   -Z+1/2,-X,Y+1/2                                         
REMARK 290       8555   -Z,X+1/2,-Y+1/2                                         
REMARK 290       9555   Y,Z,X                                                   
REMARK 290      10555   -Y,Z+1/2,-X+1/2                                         
REMARK 290      11555   Y+1/2,-Z+1/2,-X                                         
REMARK 290      12555   -Y+1/2,-Z,X+1/2                                         
REMARK 290                                                                      
REMARK 290     WHERE NNN -> OPERATOR NUMBER                                     
REMARK 290           MMM -> TRANSLATION VECTOR                                  
REMARK 290                                                                      
REMARK 290 CRYSTALLOGRAPHIC SYMMETRY TRANSFORMATIONS                            
REMARK 290 THE FOLLOWING TRANSFORMATIONS OPERATE ON THE ATOM/HETATM             
REMARK 290 RECORDS IN THIS ENTRY TO PRODUCE CRYSTALLOGRAPHICALLY                
REMARK 290 RELATED MOLECULES.                                                   
REMARK 290   SMTRY1   1  1.000000  0.000000  0.000000        0.00000            
REMARK 290   SMTRY2   1  0.000000  1.000000  0.000000        0.00000            
REMARK 290   SMTRY3   1  0.000000  0.000000  1.000000        0.00000            
REMARK 290   SMTRY1   2 -1.000000  0.000000  0.000000      222.55000            
REMARK 290   SMTRY2   2  0.000000 -1.000000  0.000000        0.00000            
REMARK 290   SMTRY3   2  0.000000  0.000000  1.000000      222.55000            
REMARK 290   SMTRY1   3 -1.000000  0.000000  0.000000        0.00000            
REMARK 290   SMTRY2   3  0.000000  1.000000  0.000000      222.55000            
REMARK 290   SMTRY3   3  0.000000  0.000000 -1.000000      222.55000            
REMARK 290   SMTRY1   4  1.000000  0.000000  0.000000      222.55000            
REMARK 290   SMTRY2   4  0.000000 -1.000000  0.000000      222.55000            
REMARK 290   SMTRY3   4  0.000000  0.000000 -1.000000        0.00000            
REMARK 290   SMTRY1   5  0.000000  0.000000  1.000000        0.00000            
REMARK 290   SMTRY2   5  1.000000  0.000000  0.000000        0.00000            
REMARK 290   SMTRY3   5  0.000000  1.000000  0.000000        0.00000            
REMARK 290   SMTRY1   6  0.000000  0.000000  1.000000      222.55000            
REMARK 290   SMTRY2   6 -1.000000  0.000000  0.000000      222.55000            
REMARK 290   SMTRY3   6  0.000000 -1.000000  0.000000        0.00000            
REMARK 290   SMTRY1   7  0.000000  0.000000 -1.000000      222.55000            
REMARK 290   SMTRY2   7 -1.000000  0.000000  0.000000        0.00000            
REMARK 290   SMTRY3   7  0.000000  1.000000  0.000000      222.55000            
REMARK 290   SMTRY1   8  0.000000  0.000000 -1.000000        0.00000            
REMARK 290   SMTRY2   8  1.000000  0.000000  0.000000      222.55000            
REMARK 290   SMTRY3   8  0.000000 -1.000000  0.000000      222.55000            
REMARK 290   SMTRY1   9  0.000000  1.000000  0.000000        0.00000            
REMARK 290   SMTRY2   9  0.000000  0.000000  1.000000        0.00000            
REMARK 290   SMTRY3   9  1.000000  0.000000  0.000000        0.00000            
REMARK 290   SMTRY1  10  0.000000 -1.000000  0.000000        0.00000            
REMARK 290   SMTRY2  10  0.000000  0.000000  1.000000      222.55000            
REMARK 290   SMTRY3  10 -1.000000  0.000000  0.000000      222.55000            
REMARK 290   SMTRY1  11  0.000000  1.000000  0.000000      222.55000            
REMARK 290   SMTRY2  11  0.000000  0.000000 -1.000000      222.55000            
REMARK 290   SMTRY3  11 -1.000000  0.000000  0.000000        0.00000            
REMARK 290   SMTRY1  12  0.000000 -1.000000  0.000000      222.55000            
REMARK 290   SMTRY2  12  0.000000  0.000000 -1.000000        0.00000            
REMARK 290   SMTRY3  12  1.000000  0.000000  0.000000      222.55000            
REMARK 290                                                                      
REMARK 290 REMARK: NULL                                                         
REMARK 300                                                                      
REMARK 300 BIOMOLECULE: 1                                                       
REMARK 300 SEE REMARK 350 FOR THE AUTHOR PROVIDED AND/OR PROGRAM                
REMARK 300 GENERATED ASSEMBLY INFORMATION FOR THE STRUCTURE IN                  
REMARK 300 THIS ENTRY. THE REMARK MAY ALSO PROVIDE INFORMATION ON               
REMARK 300 BURIED SURFACE AREA.                                                 
REMARK 300 THE ASSEMBLY REPRESENTED IN THIS ENTRY HAS REGULAR                   
REMARK 300 ICOSAHEDRAL POINT SYMMETRY (SCHOENFLIES SYMBOL = I).                 
REMARK 350                                                                      
REMARK 350 COORDINATES FOR A COMPLETE MULTIMER REPRESENTING THE KNOWN           
REMARK 350 BIOLOGICALLY SIGNIFICANT OLIGOMERIZATION STATE OF THE                
REMARK 350 MOLECULE CAN BE GENERATED BY APPLYING BIOMT TRANSFORMATIONS          
REMARK 350 GIVEN BELOW.  BOTH NON-CRYSTALLOGRAPHIC AND                          
REMARK 350 CRYSTALLOGRAPHIC OPERATIONS ARE GIVEN.                               
REMARK 350                                                                      
REMARK 350 BIOMOLECULE: 1                                                       
REMARK 350 APPLY THE FOLLOWING TO CHAINS: 1, 2, 3, 4                            
REMARK 350   BIOMT1   1  1.000000  0.000000  0.000000        0.00000            
REMARK 350   BIOMT2   1  0.000000  1.000000  0.000000        0.00000            
REMARK 350   BIOMT3   1  0.000000  0.000000  1.000000        0.00000            
REMARK 350   BIOMT1   2  0.464282 -0.829905  0.309355        0.18336            
REMARK 350   BIOMT2   2  0.844397  0.309355 -0.437372        0.04923            
REMARK 350   BIOMT3   2  0.267276  0.464282  0.844397       -0.09998            
REMARK 350   BIOMT1   3 -0.402527 -0.498417  0.767823        0.19670            
REMARK 350   BIOMT2   3  0.536358 -0.808132 -0.243400        0.26302            
REMARK 350   BIOMT3   3  0.741817  0.313853  0.592625       -0.11254            
REMARK 350   BIOMT1   4 -0.402527  0.536358  0.741817        0.02159            
REMARK 350   BIOMT2   4 -0.498417 -0.808132  0.313853        0.34591            
REMARK 350   BIOMT3   4  0.767823 -0.243400  0.592625       -0.02032            
REMARK 350   BIOMT1   5  0.464282  0.844397  0.267276       -0.09998            
REMARK 350   BIOMT2   5 -0.829905  0.309355  0.464282        0.18336            
REMARK 350   BIOMT3   5  0.309355 -0.437372  0.844397        0.04923            
REMARK 350   BIOMT1   6 -0.829905  0.309355  0.464282        0.18336            
REMARK 350   BIOMT2   6  0.309355 -0.437372  0.844397        0.04923            
REMARK 350   BIOMT3   6  0.464282  0.844397  0.267276       -0.09998            
REMARK 350   BIOMT1   7  0.000000  1.000000  0.000000        0.00000            
REMARK 350   BIOMT2   7  0.000000  0.000000  1.000000        0.00000            
REMARK 350   BIOMT3   7  1.000000  0.000000  0.000000        0.00000            
REMARK 350   BIOMT1   8  0.844397  0.309355 -0.437372        0.04923            
REMARK 350   BIOMT2   8  0.267276  0.464282  0.844397       -0.09998            
REMARK 350   BIOMT3   8  0.464282 -0.829905  0.309355        0.18336            
REMARK 350   BIOMT1   9  0.536358 -0.808132 -0.243400        0.26302            
REMARK 350   BIOMT2   9  0.741817  0.313853  0.592625       -0.11254            
REMARK 350   BIOMT3   9 -0.402527 -0.498417  0.767823        0.19670            
REMARK 350   BIOMT1  10 -0.498417 -0.808132  0.313853        0.34591            
REMARK 350   BIOMT2  10  0.767823 -0.243400  0.592625       -0.02032            
REMARK 350   BIOMT3  10 -0.402527  0.536358  0.741817        0.02159            
REMARK 350   BIOMT1  11 -0.630565 -0.701509  0.332074        0.34718            
REMARK 350   BIOMT2  11 -0.701509  0.332074 -0.630565        0.34718            
REMARK 350   BIOMT3  11  0.332074 -0.630565 -0.701509        0.34718            
REMARK 350   BIOMT1  12 -0.796357  0.460470  0.392154        0.16382            
REMARK 350   BIOMT2  12 -0.213831  0.392154 -0.894702        0.29795            
REMARK 350   BIOMT3  12 -0.565768 -0.796357 -0.213831        0.44716            
REMARK 350   BIOMT1  13  0.123898  0.985418 -0.116620        0.00127            
REMARK 350   BIOMT2  13 -0.007277 -0.116620 -0.993150        0.36750            
REMARK 350   BIOMT3  13 -0.992269  0.123898 -0.007277        0.32559            
REMARK 350   BIOMT1  14  0.858438  0.147876 -0.491140        0.08416            
REMARK 350   BIOMT2  14 -0.367298 -0.491140 -0.789857        0.45972            
REMARK 350   BIOMT3  14 -0.358019  0.858438 -0.367298        0.15048            
REMARK 350   BIOMT1  15  0.392154 -0.894702 -0.213831        0.29795            
REMARK 350   BIOMT2  15 -0.796357 -0.213831 -0.565768        0.44716            
REMARK 350   BIOMT3  15  0.460470  0.392154 -0.796357        0.16382            
REMARK 350   BIOMT1  16  0.460470  0.392154 -0.796357        0.16382            
REMARK 350   BIOMT2  16  0.392154 -0.894702 -0.213831        0.29795            
REMARK 350   BIOMT3  16 -0.796357 -0.213831 -0.565768        0.44716            
REMARK 350   BIOMT1  17  0.332074 -0.630565 -0.701509        0.34718            
REMARK 350   BIOMT2  17 -0.630565 -0.701509  0.332074        0.34718            
REMARK 350   BIOMT3  17 -0.701509  0.332074 -0.630565        0.34718            
REMARK 350   BIOMT1  18 -0.565768 -0.796357 -0.213831        0.44716            
REMARK 350   BIOMT2  18 -0.796357  0.460470  0.392154        0.16382            
REMARK 350   BIOMT3  18 -0.213831  0.392154 -0.894702        0.29795            
REMARK 350   BIOMT1  19 -0.992269  0.123898 -0.007277        0.32559            
REMARK 350   BIOMT2  19  0.123898  0.985418 -0.116620        0.00127            
REMARK 350   BIOMT3  19 -0.007277 -0.116620 -0.993150        0.36750            
REMARK 350   BIOMT1  20 -0.358019  0.858438 -0.367298        0.15048            
REMARK 350   BIOMT2  20  0.858438  0.147876 -0.491140        0.08416            
REMARK 350   BIOMT3  20 -0.367298 -0.491140 -0.789857        0.45972            
REMARK 350   BIOMT1  21 -0.491140 -0.789857 -0.367298        0.45972            
REMARK 350   BIOMT2  21  0.858438 -0.367298 -0.358019        0.15048            
REMARK 350   BIOMT3  21  0.147876 -0.491140  0.858438        0.08416            
REMARK 350   BIOMT1  22 -0.993150 -0.007277 -0.116620        0.36750            
REMARK 350   BIOMT2  22 -0.007277 -0.992269  0.123898        0.32559            
REMARK 350   BIOMT3  22 -0.116620  0.123898  0.985418        0.00127            
REMARK 350   BIOMT1  23 -0.498417  0.767823 -0.402527        0.19670            
REMARK 350   BIOMT2  23 -0.808132 -0.243400  0.536358        0.26302            
REMARK 350   BIOMT3  23  0.313853  0.592625  0.741817       -0.11254            
REMARK 350   BIOMT1  24  0.309355  0.464282 -0.829905        0.18336            
REMARK 350   BIOMT2  24 -0.437372  0.844397  0.309355        0.04923            
REMARK 350   BIOMT3  24  0.844397  0.267276  0.464282       -0.09998            
REMARK 350   BIOMT1  25  0.313853 -0.498417 -0.808132        0.34591            
REMARK 350   BIOMT2  25  0.592625  0.767823 -0.243400       -0.02032            
REMARK 350   BIOMT3  25  0.741817 -0.402527  0.536358        0.02159            
REMARK 350   BIOMT1  26 -0.007277 -0.116620 -0.993150        0.36750            
REMARK 350   BIOMT2  26 -0.992269  0.123898 -0.007277        0.32559            
REMARK 350   BIOMT3  26  0.123898  0.985418 -0.116620        0.00127            
REMARK 350   BIOMT1  27 -0.367298 -0.491140 -0.789857        0.45972            
REMARK 350   BIOMT2  27 -0.358019  0.858438 -0.367298        0.15048            
REMARK 350   BIOMT3  27  0.858438  0.147876 -0.491140        0.08416            
REMARK 350   BIOMT1  28 -0.796357 -0.213831 -0.565768        0.44716            
REMARK 350   BIOMT2  28  0.460470  0.392154 -0.796357        0.16382            
REMARK 350   BIOMT3  28  0.392154 -0.894702 -0.213831        0.29795            
REMARK 350   BIOMT1  29 -0.701509  0.332074 -0.630565        0.34718            
REMARK 350   BIOMT2  29  0.332074 -0.630565 -0.701509        0.34718            
REMARK 350   BIOMT3  29 -0.630565 -0.701509  0.332074        0.34718            
REMARK 350   BIOMT1  30 -0.213831  0.392154 -0.894702        0.29795            
REMARK 350   BIOMT2  30 -0.565768 -0.796357 -0.213831        0.44716            
REMARK 350   BIOMT3  30 -0.796357  0.460470  0.392154        0.16382            
REMARK 350   BIOMT1  31  0.741817  0.313853  0.592625       -0.11254            
REMARK 350   BIOMT2  31 -0.402527 -0.498417  0.767823        0.19670            
REMARK 350   BIOMT3  31  0.536358 -0.808132 -0.243400        0.26302            
REMARK 350   BIOMT1  32  0.767823 -0.243400  0.592625       -0.02032            
REMARK 350   BIOMT2  32 -0.402527  0.536358  0.741817        0.02159            
REMARK 350   BIOMT3  32 -0.498417 -0.808132  0.313853        0.34591            
REMARK 350   BIOMT1  33  0.309355 -0.437372  0.844397        0.04923            
REMARK 350   BIOMT2  33  0.464282  0.844397  0.267276       -0.09998            
REMARK 350   BIOMT3  33 -0.829905  0.309355  0.464282        0.18336            
REMARK 350   BIOMT1  34  0.000000  0.000000  1.000000        0.00000            
REMARK 350   BIOMT2  34  1.000000  0.000000  0.000000        0.00000            
REMARK 350   BIOMT3  34  0.000000  1.000000  0.000000        0.00000            
REMARK 350   BIOMT1  35  0.267276  0.464282  0.844397       -0.09998            
REMARK 350   BIOMT2  35  0.464282 -0.829905  0.309355        0.18336            
REMARK 350   BIOMT3  35  0.844397  0.309355 -0.437372        0.04923            
REMARK 350   BIOMT1  36 -0.243400  0.592625  0.767823       -0.02032            
REMARK 350   BIOMT2  36  0.536358  0.741817 -0.402527        0.02159            
REMARK 350   BIOMT3  36 -0.808132  0.313853 -0.498417        0.34591            
REMARK 350   BIOMT1  37  0.592625  0.741817  0.313853       -0.11254            
REMARK 350   BIOMT2  37  0.767823 -0.402527 -0.498417        0.19670            
REMARK 350   BIOMT3  37 -0.243400  0.536358 -0.808132        0.26302            
REMARK 350   BIOMT1  38  0.985418 -0.116620  0.123898        0.00127            
REMARK 350   BIOMT2  38 -0.116620 -0.993150 -0.007277        0.36750            
REMARK 350   BIOMT3  38  0.123898 -0.007277 -0.992269        0.32559            
REMARK 350   BIOMT1  39  0.392154 -0.796357  0.460470        0.16382            
REMARK 350   BIOMT2  39 -0.894702 -0.213831  0.392154        0.29795            
REMARK 350   BIOMT3  39 -0.213831 -0.565768 -0.796357        0.44716            
REMARK 350   BIOMT1  40 -0.367298 -0.358019  0.858438        0.15048            
REMARK 350   BIOMT2  40 -0.491140  0.858438  0.147876        0.08416            
REMARK 350   BIOMT3  40 -0.789857 -0.367298 -0.491140        0.45972            
REMARK 350   BIOMT1  41 -0.491140  0.858438  0.147876        0.08416            
REMARK 350   BIOMT2  41 -0.789857 -0.367298 -0.491140        0.45972            
REMARK 350   BIOMT3  41 -0.367298 -0.358019  0.858438        0.15048            
REMARK 350   BIOMT1  42  0.536358  0.741817 -0.402527        0.02159            
REMARK 350   BIOMT2  42 -0.808132  0.313853 -0.498417        0.34591            
REMARK 350   BIOMT3  42 -0.243400  0.592625  0.767823       -0.02032            
REMARK 350   BIOMT1  43  0.767823 -0.402527 -0.498417        0.19670            
REMARK 350   BIOMT2  43 -0.243400  0.536358 -0.808132        0.26302            
REMARK 350   BIOMT3  43  0.592625  0.741817  0.313853       -0.11254            
REMARK 350   BIOMT1  44 -0.116620 -0.993150 -0.007277        0.36750            
REMARK 350   BIOMT2  44  0.123898 -0.007277 -0.992269        0.32559            
REMARK 350   BIOMT3  44  0.985418 -0.116620  0.123898        0.00127            
REMARK 350   BIOMT1  45 -0.894702 -0.213831  0.392154        0.29795            
REMARK 350   BIOMT2  45 -0.213831 -0.565768 -0.796357        0.44716            
REMARK 350   BIOMT3  45  0.392154 -0.796357  0.460470        0.16382            
REMARK 350   BIOMT1  46  0.741817 -0.402527  0.536358        0.02159            
REMARK 350   BIOMT2  46  0.313853 -0.498417 -0.808132        0.34591            
REMARK 350   BIOMT3  46  0.592625  0.767823 -0.243400       -0.02032            
REMARK 350   BIOMT1  47  0.147876 -0.491140  0.858438        0.08416            
REMARK 350   BIOMT2  47 -0.491140 -0.789857 -0.367298        0.45972            
REMARK 350   BIOMT3  47  0.858438 -0.367298 -0.358019        0.15048            
REMARK 350   BIOMT1  48 -0.116620  0.123898  0.985418        0.00127            
REMARK 350   BIOMT2  48 -0.993150 -0.007277 -0.116620        0.36750            
REMARK 350   BIOMT3  48 -0.007277 -0.992269  0.123898        0.32559            
REMARK 350   BIOMT1  49  0.313853  0.592625  0.741817       -0.11254            
REMARK 350   BIOMT2  49 -0.498417  0.767823 -0.402527        0.19670            
REMARK 350   BIOMT3  49 -0.808132 -0.243400  0.536358        0.26302            
REMARK 350   BIOMT1  50  0.844397  0.267276  0.464282       -0.09998            
REMARK 350   BIOMT2  50  0.309355  0.464282 -0.829905        0.18336            
REMARK 350   BIOMT3  50 -0.437372  0.844397  0.309355        0.04923            
REMARK 350   BIOMT1  51 -0.243400  0.536358 -0.808132        0.26302            
REMARK 350   BIOMT2  51  0.592625  0.741817  0.313853       -0.11254            
REMARK 350   BIOMT3  51  0.767823 -0.402527 -0.498417        0.19670            
REMARK 350   BIOMT1  52  0.123898 -0.007277 -0.992269        0.32559            
REMARK 350   BIOMT2  52  0.985418 -0.116620  0.123898        0.00127            
REMARK 350   BIOMT3  52 -0.116620 -0.993150 -0.007277        0.36750            
